ACCID=2
PASSWORD=e7cf3ef4f17c3999a94f2c6f612e8a888e5b1026878e4e19398b23bd38ec221a
ADLVL=7
STLVL=0
VIPLVL=0
HEALTH=100
ARMOR=0
X=-427.5189
Y=1116.453
Z=326.77145
ANGLE=-19.084805
MUTED=0
MUTEDTIME=0
FROZEN=0
BANNED=0
TIMES_MUTED=0
TIMES_FROZEN=0
TIMES_KICKED=0
TIMES_BANNED=0
ORG=-1
ORGLVL=-1
MONEY=50000
SCORE=0